1 46, 23, 0
2 49, 19, 1
3 54, 7, 1, 7, 0
4 41, 28, 0
5 55, 7, 7
6 0, 1, 4, 64, 0
7 28, 9, 1, 21, 1, 9, 0
8 41, 18, 10
9 0, 5, 1, 1, 1, 1, 1, 1, 2, 1, 1, 1, 1, 1, 1, 1, 1, 1, 1, 1, 1, 1, 1, 1, 1, 1, 1, 1, 1, 1, 1, 1, 1, 32, 0
10 20, 1, 6, 8, 1, 21, 1, 1, 1, 1, 1, 1, 1, 1, 1, 1, 1, 1, 0
11 36, 33, 0
12 58, 5, 6
13 0, 7, 1, 1, 1, 9, 1, 1, 12, 1, 1, 18, 1, 2, 1, 12, 0
14 0, 30, 1, 38, 0
15 58, 11, 0
16 26, 2, 29, 2, 10
17 54, 15, 0
18 23, 5, 1, 2, 9, 29, 0
19 0, 11, 39, 8, 11
20 1, 4, 1, 3, 2, 9, 1, 6, 7, 2, 9, 13, 1, 1, 1, 1, 1, 1, 5
21 30, 27, 12
22 37, 20, 2, 10, 0
23 20, 18, 9, 7, 15
24 59, 10, 0
25 3, 6, 1, 1, 11, 4, 1, 5, 13, 4, 20
26 36, 5, 3, 1, 2, 1, 21
27 34, 13, 22
28 44, 2, 23
29 35, 11, 23
30 17, 14, 1, 4, 6, 2, 25
31 43, 1, 25
32 13, 8, 15, 7, 22, 4, 0
33 39, 3, 27
34 21, 1, 1, 1, 1, 2, 1, 1, 1, 1, 1, 2, 1, 6, 27, 1, 0
35 60, 4, 5
36 28, 1, 2, 9, 29
37 32, 7, 30
38 14, 1, 1, 1, 1, 1, 1, 1, 1, 1, 1, 1, 1, 1, 1, 1, 1, 1, 1, 5, 32
39 2, 2, 1, 1, 2, 14, 1, 13, 33
40 23, 1, 1, 8, 1, 1, 34
41 24, 1, 2, 1, 1, 1, 1, 2, 1, 1, 34
42 34, 1, 34
43 26, 8, 35
44 31, 2, 36
45 18, 1, 1, 1, 1, 1, 1, 1, 1, 4, 1, 1, 37
46 11, 20, 38
47 23, 6, 40
48 17, 1, 1, 1, 1, 4, 1, 2, 41
49 19, 1, 1, 1, 1, 1, 1, 1, 43
50 22, 1, 1, 1, 44
51 15, 1, 3, 2, 1, 1, 46
52 18, 1, 1, 1, 48
53 2, 1, 4, 1, 4, 1, 1, 1, 3, 1, 50
54 17, 1, 51
55 0, 2, 1, 2, 1, 1, 1, 4, 1, 1, 2, 1, 52
56 12, 2, 1, 1, 53
57 14, 1, 54
58 5, 1, 1, 1, 1, 1, 1, 2, 56
59 8, 1, 1, 1, 58
60 10, 1, 58
61 9, 1, 59
62 9, 1, 59
63 9, 1, 59
64 8, 1, 60
65 7, 1, 61
66 0, 5, 64
67 1, 1, 2, 1, 64
68 61, 3, 5
69 62, 7, 0
70 64, 5, 0
71 64, 5, 0
73 66, 3, 0
