1 2009 2008 2007 2006 2005 2004 2003 2002 2001 2000 1999 1998 1997 1996 2010 2011 2012 2013 2014 2015 2016 2017 2018
2 2009 2008 2007 2006 2005 2004 2003 2002 2001 2000 1999 2010 2011 2012 2013 2014 2015 2016 2017
3 2009 2008 2007 2006 2005 2004 2010 2012 2013 2014 2015 2016 2017 2018
4 2009 2008 2007 2006 2005 2004 2003 2002 2001 2000 1999 1998 1997 1996 1995 1994 1993 1992 1991 2010 2011 2012 2013 2014 2015 2016 2017 2018
5 2009 2008 2007 2006 2005 2010 2011
6 2009 2008 2007 2006 2005 2004 2003 2002 2001 2000 1999 1998 1997 1996 1995 1994 1993 1992 1991 1990 2010 1989 1988 1987 1986 1985 1984 1983 1982 1981 1980 1979 1978 1977 1976 1975 1974 1973 1972 1971 1970 1969 1968 1967 1966 1965 1964 1963 1962 1961 1960 1959 1958 1957 1956 1955 1950 2011 2012 2013 2014 2015 2016 2017 2018
7 2008 2007 2006 2005 2004 2003 2002 2001 2000 1999 1998 1997 1996 1995 1994 1993 1992 1991 1990 2010 1989 1988 1986 1985 1984 1983 1982 1981 1980 1979 1978 2011 2012 2013 2014 2015 2016 2017 2018
8 2008 2007 2006 2005 2004 2003 2002 2001 2000 1999 1998 1997 1996 1995 1994 1993 1992 1991
9 2009 2008 2007 2006 2005 2004 2003 2002 2001 2000 1999 1998 1997 1996 1995 1994 1993 1992 1991 1990 2010 1989 1988 1987 1985 1983 1981 1979 1977 1975 1973 1971 1969 1967 1965 1963 1960 1958 1956 1954 1953 1952 1951 1950 2011 2012 2013 2014 2015 2016 2017 2018
10 2008 2006 2005 2004 2003 2002 2001 2000 1999 1998 1997 1996 1995 1994 1993 1992 1991 1990 2010 1989 1988 1987 1986 1984 1983 1982 1981 1980 1979 1978 1977 1970 2012 2014 2016 2018
11 2009 2008 2007 2006 2005 2004 2003 2002 2001 2000 1999 1998 1997 1996 1995 1994 1993 1992 1991 1990 2010 1989 1988 1987 1986 2011 2012 2013 2014 2015 2016 2017 2018
12 2009 2008 2010 2011 2012
13 2009 2008 2007 2005 2004 2002 2001 2000 1999 1998 1997 1996 1995 1994 1993 1992 1991 1990 2010 1989 1988 1987 1986 1985 1983 1970 1968 1967 1966 1965 1964 1963 1962 1961 1960 1958 1956 1955 1954 1953 1952 1951 1950 2011 2012 2013 2014 2015 2016 2017 2018
14 2009 2008 2007 2006 2005 2004 2003 2002 2001 2000 1999 1998 1997 1996 1995 1994 1993 1992 1991 1990 2010 1989 1988 1987 1986 1985 1984 1983 1982 1981 1979 1978 1977 1976 1975 1974 1973 1972 1971 1970 1969 1968 1967 1966 1965 1964 1963 1962 1961 1960 1959 1958 1957 1956 1955 1954 1953 1952 1951 1950 2011 2012 2013 2014 2015 2016 2017 2018
15 2009 2008 2010 2011 2012 2013 2014 2015 2016 2017 2018
16 2008 2007 1977 1976
17 2009 2008 2007 2006 2005 2004 2010 2011 2012 2013 2014 2015 2016 2017 2018
18 2009 2008 2007 2006 2005 2004 2003 2002 2001 2000 1999 1998 1997 1996 1995 1994 1993 1992 1991 1990 2010 1980 1979 1977 1976 1975 1974 1973 2011 2012 2013 2014 2015 2016 2017 2018
19 2007 2006 2005 2004 2003 2002 2001 2000 1960 1959 1958 1957 1956 1955 1954 1953 1952 1951 1950
20 2009 2007 2006 2005 2004 2003 2002 2001 2000 1999 1998 1997 1996 1995 1985 1984 1976 1975 1974 1973 1972 1971 1969 1968 1967 1966 1965 1964 1963 1962 1961 1958 1957 1956 1954 1953 1952 1951 2011 2013
21 2006 2005 2004 2003 2002 2001 2000 1999 1998 1997 1996 1995 1994 1993 1992 1991 1990 1989 1988 1987 1986 1985 1984 1983 1982 1981 1980
22 2009 2006 2005 2004 2003 2002 2001 2000 1999 1998 1997 1996 1995 1994 1993 1992 1991 1990 2010 1989 1988 1987 2011 2012 2013 2014 2015 2016 2017 2018
23 2003 2002 2001 2000 1999 1998 1997 1987 1986 1985 1984 1983 1982 1981 1980 1979 1978 1977 1976 1975 1974 1973 1972 1971 1970
24 2009 2010 2011 2012 2013 2014 2015 2016 2017 2018
25 1998 1997 1996 1995 1981 1980 1979 1978 1977 1975 1974 1973 1972 1960 1958 1957 1956 1955 1954 1953
26 1997 1994 1990 1989 1988 1987 1986
27 1996 1995 1994 1993 1992 1991 1990 1989 1988 1987 1986 1985 1984
28 1995 1994
29 1995 1994 1993 1992 1991 1990 1989 1988 1987 1986 1985
30 1993 1992 1985 1984 1983 1982 1980 1979 1978 1977 1976 1975 1974 1973 1972 1971 1970 1969 1968 1967
31 1993
32 1992 1991 1990 1989 1988 1987 1986 1970 1969 1968 1967 1966 1965 1964 1963 2015 2016 2017 2018
33 1991 1990 1989
34 1990 1989 1988 1987 1986 1985 1983 1982 1980 1978 1976 1975 1973 1971 2018
35 2010 2011 2012 2013
36 1989 1988 1987 1986 1985 1984 1983 1982 1981 1978
37 1988 1987 1986 1985 1984 1983 1982
38 1986 1985 1984 1983 1982 1980 1978 1976 1974 1972 1970 1968 1966 1964
39 1985 1984 1983 1982 1981 1980 1979 1978 1977 1976 1975 1974 1973 1971 1970 1969 1968 1967 1966 1965 1964 1963 1962 1961 1960 1959 1958 1955 1953 1952
40 1984 1982 1981 1980 1979 1978 1977 1976 1975 1973
41 1984 1982 1981 1979 1977 1974
42 1984
43 1983 1982 1981 1980 1979 1978 1977 1976
44 1982 1981
45 1981 1979 1978 1977 1976 1974 1972 1970 1968
46 1980 1979 1978 1977 1976 1975 1974 1973 1972 1971 1970 1969 1968 1967 1966 1965 1964 1963 1962 1961
47 1978 1977 1976 1975 1974 1973
48 1977 1976 1974 1973 1972 1971 1969 1967
49 1975 1973 1971 1969
50 1974 1972
51 1972 1970 1969 1965
52 1970 1968
53 1968 1964 1962 1957 1952
54 1967
55 1966 1963 1961 1960 1959 1958 1956 1954 1953 1951 1950
56 1965 1963 1962
57 1964
58 1962 1961 1959 1957 1955
59 1960 1958
60 1960
61 1959
62 1959
63 1959
64 1958
65 1957
66 1954 1953 1952 1951 1950
67 1954 1951
68 2011 2012 2013
69 2012 2013 2014 2015 2016 2017 2018
70 2014 2015 2016 2017 2018
71 2014 2015 2016 2017 2018
73 2016 2017 2018
