1 18, 1, 2, 47, 1
2 52, 1, 3, 4, 9
3 25, 2, 1, 40, 1
4 27, 9, 16, 10, 4, 2, 1
5 56, 12, 1
6 6, 1, 1, 60, 1
7 52, 8, 9
8 56, 3, 10
9 55, 13, 1
10 58, 10, 1
11 14, 5, 37, 3, 10
12 57, 1, 11
13 56, 1, 12
14 56, 1, 12
15 43, 13, 4, 8, 1
16 49, 7, 13
17 41, 15, 13
18 35, 21, 13
19 50, 5, 14
20 47, 5, 17
21 28, 13, 6, 6, 16
22 36, 16, 17
23 59, 1, 9
24 47, 3, 19
25 20, 29, 20
26 12, 2, 3, 2, 5, 2, 9, 2, 4, 1, 1, 1, 3, 1, 21
27 26, 21, 22
28 45, 2, 22
29 41, 6, 22
30 44, 2, 23
31 44, 2, 23
32 8, 3, 1, 2, 6, 1, 1, 23, 24
33 37, 8, 24
34 12, 2, 6, 6, 1, 11, 1, 4, 26
35 38, 5, 26
36 41, 2, 26
37 20, 1, 1, 6, 3, 2, 4, 3, 2, 1, 26
38 42, 1, 26
39 36, 6, 27
40 41, 1, 27
41 40, 2, 27
42 37, 5, 27
44 38, 3, 28
45 30, 11, 28
46 39, 2, 28
47 40, 1, 28
48 38, 2, 29
49 35, 5, 29
50 33, 3, 33
51 13, 1, 1, 1, 13, 7, 33
52 33, 3, 33
53 31, 5, 33
54 13, 1, 14, 7, 34
55 28, 1, 2, 3, 35
56 25, 8, 36
57 23, 10, 36
58 23, 2, 1, 5, 38
59 26, 4, 39
60 28, 2, 39
61 29, 1, 39
62 29, 1, 39
63 20, 9, 40
64 24, 5, 40
65 28, 1, 40
66 8, 20, 41
67 24, 4, 41
68 27, 1, 41
69 27, 1, 41
70 26, 2, 41
71 27, 1, 41
72 26, 2, 41
73 24, 3, 42
74 24, 3, 42
75 25, 1, 43
76 24, 2, 43
77 24, 1, 44
78 24, 1, 44
79 24, 1, 44
80 23, 2, 44
81 22, 2, 45
82 17, 2, 1, 3, 46
83 22, 1, 46
84 22, 1, 46
85 20, 2, 47
86 12, 2, 6, 1, 48
87 8, 1, 3, 1, 56
89 12, 2, 4, 1, 50
90 17, 1, 51
91 16, 1, 52
92 13, 2, 54
93 15, 1, 53
94 13, 2, 54
95 8, 7, 54
96 14, 1, 54
97 11, 3, 55
98 13, 1, 55
99 11, 2, 56
100 12, 1, 56
101 9, 3, 57
102 11, 1, 57
103 11, 1, 57
104 10, 1, 58
105 6, 1, 1, 3, 58
106 10, 1, 58
107 9, 2, 58
108 9, 2, 58
109 9, 2, 58
110 9, 2, 58
111 10, 1, 58
112 10, 1, 58
113 9, 2, 58
114 9, 2, 58
115 9, 2, 58
116 10, 1, 58
117 9, 2, 58
118 8, 3, 58
119 9, 1, 59
120 9, 1, 59
121 9, 1, 59
122 9, 1, 59
123 9, 1, 59
124 9, 1, 59
125 8, 2, 59
127 8, 1, 60
128 6, 1, 62
131 60, 8, 1
164 60, 3, 6
166 60, 2, 7
167 9, 3, 1, 1, 1, 5, 49
168 9, 1, 59
169 9, 1, 59
170 9, 7, 1, 2, 50
171 10, 1, 58
172 11, 7, 51
173 11, 1, 1, 1, 55
174 11, 2, 56
175 11, 2, 56
176 12, 6, 51
177 12, 2, 55
178 12, 1, 56
179 13, 1, 55
180 13, 1, 1, 1, 1, 3, 1, 1, 47
181 14, 3, 52
182 14, 2, 1, 1, 1, 1, 6, 1, 2, 1, 39
183 14, 6, 49
184 15, 1, 1, 1, 51
185 15, 1, 53
186 15, 1, 53
187 16, 5, 48
188 16, 1, 52
189 16, 2, 1, 1, 49
190 16, 3, 50
191 16, 4, 49
192 16, 1, 52
193 17, 1, 51
194 17, 2, 50
195 18, 1, 50
196 18, 2, 49
197 19, 1, 49
198 20, 1, 48
199 21, 1, 47
200 21, 1, 47
201 21, 1, 47
202 25, 1, 43
203 25, 1, 43
204 26, 1, 2, 1, 39
205 60, 2, 7
206 62, 4, 3
207 62, 3, 4
208 62, 4, 3
209 65, 2, 2
210 66, 2, 1
